82
90
286
416
460
478
494
539
614
632
641
647
662
690
695
699
707
712
718
727
736
763
783
783
808
818
824
843
884
929
967
968
982
984
997
1006
1017
1059
1117
1143
1160
1175
1179
1206
1210
1226
1247
1255
1311
1321
1336
1373
1394
1398
1406
1420
1441
1466
1485
1490
1505
1526
1556
1599
1631
1637
1641
1680
1717
1734
1743
1750
1751
1765
1826
1836
1846
1871
1891
1891
1901
1912
1916
1937
1941
1968
1975
1987
1990
2002
2008
2022
2044
2048
2049
2052
2057
2064
2071
2071
2072
2099
2150
2156
2168
2171
2215
2234
2235
2242
2246
2264
2266
2282
2321
2329
2339
2342
2343
2355
2364
2369
2379
2385
2389
2394
2398
2420
2435
2444
2459
2470
2475
2477
2484
2508
2513
2519
2538
2553
2556
2597
2690
2695
2710
2726
2756
2756
2773
2778
2790
2799
2801
2809
2882
2890
2891
2908
2922
2961
2966
2970
2982
3001
3002
3031
3034
3037
3057
3077
3079
3082
3107
3126
3127
3141
3145
3151
3152
3183
3225
3233
3240
3241
3302
3307
3309
3309
3320
3331
3343
3353
3355
3367
3378
3384
3423
3431
3431
3451
3461
3476
3524
3536
3550
3558
3598
3647
3651
3669
3677
3685
3691
3719
3719
3725
3726
3735
3755
3785
3788
3807
3812
3815
3821
3821
3829
3853
3858
3958
3966
3974
3976
3977
3978
3993
4010
4012
4029
4034
4045
4050
4071
4078
4087
4089
4128
4131
4139
4139
4151
4153
4207
4223
4232
4253
4255
4256
4260
4271
4286
4320
4357
4364
4368
4375
4407
4423
4431
4436
4437
4442
4470
4500
4527
4538
4549
4552
4575
4607
4656
4687
4731
4755
4772
4799
4810
4812
4814
4836
4843
4847
4861
4881
4894
4902
4912
4916
4936
4936
4959
4979
4980
5010
5042
5077
5085
5089
5104
5131
5148
5172
5176
5181
5190
5208
5217
5228
5231
5252
5255
5269
5289
5300
5301
5324
5345
5355
5368
5395
5406
5410
5413
5438
5441
5457
5467
5469
5505
5548
5559
5561
5588
5589
5612
5613
5618
5636
5642
5642
5644
5671
5685
5710
5713
5717
5724
5775
5799
5810
5813
5823
5834
5890
5896
5899
5903
5915
5916
5923
5925
5927
5961
5986
5994
6000
6006
6006
6010
6018
6034
6058
6059
6062
6073
6091
6108
6119
6125
6128
6129
6131
6153
6161
6182
6193
6222
6239
6265
6274
6306
6306
6317
6360
6362
6373
6373
6403
6415
6428
6429
6446
6461
6462
6472
6486
6489
6491
6497
6499
6542
6576
6629
6631
6650
6660
6666
6685
6689
6694
6696
6703
6711
6714
6721
6738
6753
6780
6798
6813
6819
6824
6839
6852
6856
6858
6865
6885
6886
6937
6940
6945
6963
6970
6970
6973
7008
7027
7028
7029
7041
7042
7042
7053
7058
7070
7083
7089
7094
7110
7125
7135
7139
7141
7165
7208
7210
7223
7248
7256
7259
7260
7266
7310
7310
7331
7343
7355
7356
7359
7369
7373
7383
7413
7421
7422
7441
7445
7459
7469
7516
7523
7527
7544
7547
7551
7570
7598
7605
7627
7645
7673
7682
7691
7695
7716
7719
7726
7759
7817
7818
7829
7831
7832
7845
7852
7854
7858
7861
7870
7879
7883
7887
7895
7900
7915
7936
7945
7970
7992
7996
8062
8102
8116
8118
8121
8149
8195
8202
8216
8223
8238
8249
8256
8270
8283
8314
8330
8340
8347
8363
8365
8368
8375
8395
8424
8426
8433
8437
8441
8457
8457
8485
8488
8490
8508
8517
8533
8535
8547
8565
8569
8582
8589
8601
8640
8667
8689
8693
8695
8701
8715
8719
8725
8729
8729
8742
8753
8761
8809
8840
8852
8854
8860
8861
8865
8870
8878
8881
8895
8898
8906
8930
8957
8962
8966
8978
8997
9023
9041
9044
9045
9054
9088
9091
9117
9123
9124
9129
9139
9154
9176
9182
9188
9208
9225
9232
9233
9243
9246
9254
9255
9285
9286
9295
9298
9304
9315
9315
9336
9375
9386
9403
9409
9421
9423
9424
9429
9430
9439
9446
9469
9487
9492
9519
9531
9533
9538
9563
9566
9595
9596
9601
9604
9612
9627
9630
9636
9656
9656
9670
9686
9687
9698
9723
9726
9746
9765
9783
9805
9815
9862
9878
9980
9980
9984
9996
9998
10030
10043
10052
10078
10078
10083
10099
10110
10117
10132
10144
10149
10153
10167
10170
10172
10178
10198
10211
10223
10233
10246
10247
10253
10261
10266
10269
10272
10302
10334
10350
10407
10419
10424
10425
10435
10438
10445
10449
10456
10471
10497
10501
10511
10515
10536
10546
10570
10587
10591
10593
10597
10605
10613
10630
10658
10680
10713
10740
10752
10776
10778
10811
10834
10841
10866
10866
10881
10914
10914
10925
10939
10942
10954
10957
10959
10963
10972
10976
10995
10998
11000
11008
11048
11055
11066
11066
11096
11113
11119
11151
11154
11155
11173
11200
11203
11211
11233
11258
11267
11291
11299
11308
11310
11341
11387
11391
11406
11413
11451
11508
11526
11531
11539
11539
11545
11549
11561
11572
11581
11586
11591
11604
11629
11638
11668
11670
11677
11687
11699
11717
11753
11757
11782
11800
11817
11834
11937
11943
11947
11982
11988
12010
12072
12084
12087
12093
12150
12161
12161
12167
12171
12191
12197
12226
12236
12243
12245
12250
12330
12332
12363
12389
12394
12401
12402
12439
12441
12453
12460
12487
12503
12534
12551
12582
12586
12613
12630
12640
12651
12660
12678
12690
12690
12705
12761
12765
12766
12769
12786
12845
12860
12865
12876
12884
12887
12892
12914
12929
12929
12934
12984
13001
13008
13063
13131
13144
13171
13228
13228
13229
13242
13249
13308
13311
13324
13333
13371
13376
13399
13402
13435
13453
13462
13477
13488
13494
13502
13521
13535
13544
13586
13587
13592
13621
13642
13664
13665
13684
13696
13703
13750
13763
13783
13786
13789
13795
13801
13815
13821
13833
13833
13843
13859
13864
13870
13878
13878
13886
13900
13906
13923
13927
13930
13932
13937
13956
13974
13977
13981
13982
14003
14018
14025
14034
14068
14074
14075
14081
14100
14112
14134
14159
14182
14193
14200
14202
14244
14273
14330
14333
14339
14348
14353
14358
14398
14399
14400
14445
14464
14523
14553
14564
14585
14586
14593
14625
14642
14645
14665
14666
14672
14716
14740
14746
14755
14761
14786
14793
14799
14824
14843
14845
14846
14849
14867
14877
14890
14899
14918
14926
14928
14962
14972
14973
15007
15014
15020
15029
15034
15054
15059
15068
15173
15175
15195
15205
15216
15222
15226
15242
15279
15313
15324
15378
15387
15404
15416
15429
15443
15445
15457
15464
15507
15507
15533
15535
15543
15566
15579
15607
15625
15629
15636
15657
15673
15679
15717
15730
15740
15760
15769
15840
15853
15860
15863
15864
15885
15899
15903
15911
15932
15935
15936
15955
15987
15994
16059
16083
16096
16134
16157
16202
16206
16212
16233
16239
16243
16250
16267
16274
16276
16295
16303
16321
16335
16346
16355
16372
16383
16408
16422
16427
16430
16434
16489
16491
16500
16512
16528
16535
16557
16561
16577
16583
16589
16612
16622
16633
16644
16653
16667
16667
16719
16729
16732
16750
16760
16777
16801
16825
16833
16836
16843
16895
16912
16921
16924
16930
16939
17013
17021
17022
17049
17056
17058
17061
17062
17096
17131
17146
17148
17153
17187
17195
17212
17217
17240
17241
17264
17286
17291
17295
17302
17327
17339
17392
17392
17398
17411
17415
17434
17454
17457
17490
17525
17526
17534
17535
17541
17565
17581
17601
17634
17707
17764
17767
17768
17786
17797
17808
17809
17818
17835
17853
17866
17866
17868
17869
17870
17950
17959
17969
17997
18021
18106
18125
18129
18145
18199
18212
18236
18244
18251
18267
18296
18306
18313
18317
18343
18395
18403
18411
18429
18490
18499
18509
18516
18538
18546
18550
18570
18576
18583
18607
18656
18723
18728
18758
18787
18815
18831
18846
18914
18956
18971
19019
19027
19051
19056
19104
19109
19126
19136
19166
19198
19198
19220
19224
19263
19286
19301
19338
19372
19504
19564
19568
19593
19614
19677
19687
19719
19746
19754
19807
19816
19817
19820
19840
19846
19848
19875
19927
19956
19977
19980
19985
20007
20059
20069
20081
20087
20097
20145
20155
20166
20197
20202
20234
20252
20260
20267
20318
20428
20449
20485
20489
20497
20510
20565
20574
20634
20638
20640
20662
20689
20725
20743
20747
20764
20767
20780
20802
20813
20816
20822
20836
20840
20866
20874
20875
20880
20920
20947
20952
20958
20972
20978
21006
21006
21027
21056
21090
21100
21118
21159
21187
21218
21253
21273
21282
21294
21331
21356
21362
21376
21378
21381
21403
21419
21421
21430
21452
21475
21575
21603
21604
21607
21623
21676
21679
21699
21704
21708
21717
21720
21720
21720
21730
21757
21766
21796
21853
21875
21904
21906
21987
21992
22083
22084
22099
22102
22113
22119
22134
22140
22150
22185
22228
22232
22248
22272
22307
22309
22311
22330
22346
22350
22353
22363
22364
22374
22381
22398
22438
22535
22565
22570
22578
22591
22598
22609
22615
22621
22623
22657
22678
22683
22709
22721
22802
22913
22915
22935
22952
22952
22985
22995
23042
23068
23083
23086
23087
23158
23177
23300
23316
23333
23350
23356
23363
23368
23370
23370
23384
23401
23421
23439
23494
23498
23509
23528
23530
23547
23580
23584
23655
23682
23687
23719
23732
23746
23770
23788
23796
23796
23805
23842
23956
23964
24029
24042
24069
24097
24098
24132
24164
24181
24199
24233
24254
24276
24277
24286
24326
24449
24475
24484
24496
24505
24512
24519
24552
24554
24583
24629
24636
24643
24662
24669
24690
24696
24733
24742
24748
24757
24777
24802
24837
24877
24895
24896
24913
24939
24986
25011
25095
25195
25213
25213
25241
25250
25276
25348
25414
25417
25434
25448
25482
25520
25529
25535
25540
25587
25607
25691
25692
25740
25746
25748
25764
25833
25841
25857
25887
25893
25910
25949
25970
25989
25992
26008
26015
26026
26075
26076
26097
26120
26140
26151
26152
26168
26171
26175
26203
26233
26306
26384
26405
26424
26446
26470
26499
26570
26604
26656
26664
26790
26835
26839
26890
26948
26985
27038
27087
27088
27115
27134
27144
27153
27213
27223
27227
27231
27253
27281
27324
27444
27446
27457
27469
27471
27503
27576
27636
27674
27695
27703
27720
27731
27769
27785
27798
27815
27822
27842
27979
27994
28001
28046
28065
28111
28120
28122
28159
28205
28212
28215
28237
28258
28262
28264
28276
28292
28298
28417
28432
28452
28520
28522
28525
28545
28550
28567
28602
28610
28669
28691
28705
28709
28712
28743
28744
28746
28780
28781
28816
28818
28836
28886
28897
28933
28936
28961
29030
29116
29180
29211
29235
29278
29380
29393
29405
29431
29449
29450
29485
29514
29598
29600
29676
29718
29750
29773
29872
29957
29966
29968
30042
30097
30099
30104
30233
30305
30464
30617
30676
30768
30776
30776
30926
30934
30952
31137
31227
31255
31275
31313
31364
31448
31499
31594
31600
31648
31704
31807
31809
31848
31861
31883
31946
31953
31965
32024
32058
32061
32062
32202
32208
32213
32237
32297
32317
32330
32334
32353
32420
32428
32504
32513
32588
32612
32618
32694
32727
32727
32735
32749
32787
32808
32819
32856
32888
32899
32923
32937
32957
33055
33062
33066
33090
33107
33118
33140
33148
33151
33153
33164
33165
33198
33224
33225
33292
33309
33361
33381
33387
33410
33476
33478
33481
33503
33520
33690
33704
33718
33848
33915
33920
33922
33984
34145
34185
34200
34215
34242
34273
34339
34362
34387
34423
34457
34499
34506
34684
34690
34707
34800
34827
34862
34869
34872
34876
34895
34971
34978
35012
35021
35089
35096
35161
35190
35251
35270
35293
35386
35471
35480
35547
35571
35597
35613
35625
35637
35654
35662
35710
35725
35862
35897
35998
36009
36031
36058
36157
36202
36241
36273
36288
36299
36311
36312
36324
36531
36576
36628
36647
36651
36691
36702
36743
36776
36821
36842
36842
36858
36901
36903
36903
36910
36970
36989
37039
37057
37069
37069
37121
37124
37125
37128
37144
37191
37198
37220
37244
37492
37508
37536
37575
37642
37660
37762
37765
37782
37816
37821
37890
37963
38013
38066
38091
38106
38124
38319
38335
38406
38413
38431
38437
38440
38451
38520
38634
38664
38686
38786
38827
38892
38950
38966
39037
39105
39134
39140
39163
39191
39238
39265
39309
39364
39370
39437
39451
39464
39561
39566
39628
39702
39736
39839
39988
39996
40069
40087
40097
40118
40123
40212
40246
40271
40325
40400
40404
40648
40661
40716
40801
40814
40838
40877
40915
41019
41052
41120
41207
41240
41259
41276
41280
41428
41452
41475
41487
41513
41551
41616
41639
41749
41815
41848
41869
41889
41949
41964
41981
41993
42040
42073
42074
42090
42155
42173
42201
42223
42239
42270
42356
42366
42376
42391
42416
42476
42481
42698
42745
42750
42794
42798
42883
42918
43041
43055
43114
43205
43356
43435
43437
43450
43462
43475
43531
43589
43643
43742
43784
43806
43820
43857
43929
43946
44002
44151
44159
44205
44332
44436
44442
44443
44513
44519
44673
44720
44776
44828
44846
44900
44911
44947
44996
45048
45058
45058
45078
45156
45200
45248
45413
45422
45498
45578
45607
45720
45837
45858
45870
45913
45924
45949
45969
46006
46034
46039
46102
46133
46134
46163
46183
46225
46250
46389
46480
46562
46639
46682
46688
46689
46734
46735
46824
46920
46952
46987
46997
47051
47168
47173
47351
47401
47420
47472
47536
47557
47671
47711
47735
47746
47759
47765
47798
47818
47980
48376
48434
48460
48556
48586
48773
48818
48879
48914
48946
48971
49116
49221
49285
49336
49351
49423
49462
49542
49625
49666
49683
49746
49762
49793
49875
49948
49975
50047
50063
50219
50251
50384
50477
50486
50513
50845
50902
50976
51079
51125
51137
51182
51208
51334
51407
51454
51461
51599
51675
51980
52160
52197
52217
52228
52250
52266
52274
52293
52300
52334
52410
52431
52566
52579
52595
52780
52796
52822
52919
52947
52959
53139
53227
53330
53497
53498
53597
53829
53873
53887
54151
54165
54181
54258
54418
54428
54571
54635
54650
54691
54842
54876
54984
55043
55186
55269
55274
55342
55365
55400
55486
55531
55606
55658
55698
55729
55834
55889
56053
56159
56389
56418
56552
56640
56670
56745
56833
56833
57303
57322
57369
57424
57833
57866
57999
58098
58114
58218
58458
58498
58505
58607
58781
58849
58999
59036
59127
59173
59495
59534
59626
59689
59779
59916
60079
60088
60158
60218
60316
60485
60580
60585
60619
60699
60921
60944
60968
61081
61295
61642
61675
61697
61754
61773
61778
61948
61976
62259
62264
62415
62450
62500
62544
62622
63043
63063
63096
63216
63342
63395
63431
63453
63463
63505
63506
63797
63905
63942
64013
64073
64142
64511
64519
64524
64665
64727
64757
64804
65024
65203
65249
65359
65393
65464
65565
65631
65645
65707
65880
66083
66135
66283
66357
66380
66469
66501
66537
66861
67009
67023
67044
67077
67091
67103
67295
67531
67761
67810
67861
68356
68676
68681
68756
68831
68894
68917
68941
69099
69340
69367
69442
69661
69709
69967
70002
70019
70061
70217
70311
70400
70648
70990
71109
71115
71372
71404
71492
71518
71870
72155
72321
72453
72797
73085
73090
73240
73314
73442
73673
73750
73955
74171
74273
74319
74364
74578
74749
74782
74934
75087
75129
75382
75388
75403
75450
75455
75568
75643
75674
75889
75990
76227
76258
76314
76569
76652
76794
77076
77079
77117
77230
77350
77358
77422
77435
77547
77742
78064
78163
78265
78305
78337
78506
78532
78859
79303
79499
79626
80026
80261
80317
80406
80956
81234
81308
81327
81442
81625
81642
81837
82128
82291
82713
82752
82782
82839
82888
82910
82916
83029
83384
83593
83629
83686
83768
84345
84585
85215
85579
86074
86129
86395
86771
86793
86905
86956
86986
87841
88247
88319
88499
88737
88759
88765
88830
88880
88995
89118
89120
89201
89322
89513
89542
89889
90336
90912
90928
91042
91108
91738
92376
92501
92565
92582
92709
93019
93158
93389
93420
93643
93653
93772
94392
94528
94565
94737
95203
95535
95696
95840
96024
96189
96317
96318
96319
96443
96656
97032
97265
97581
98078
98294
98733
98736
98764
98786
98963
98970
98990
99193
99478
99710
99863
99892
99958
100157
100948
101108
101407
101492
101497
101547
101564
101633
102172
102228
102410
102506
102599
103350
103505
104169
104234
104430
105151
105160
105543
106331
106567
106740
107118
107215
107431
107449
107456
107667
107702
107759
107771
107841
107848
107931
108472
108692
109233
109299
110224
110232
110527
110768
110826
111408
111467
111860
111944
112656
113237
113449
113792
113924
113993
114520
114638
114678
114736
115507
115541
116111
116229
116638
116672
116714
116901
116927
116979
117404
117671
118428
118572
118811
119224
119490
120725
120877
121073
121097
121730
122109
122151
122397
122623
122979
123010
123143
124053
124098
124475
124700
125488
125744
126979
127089
127317
128026
128349
128961
129928
130044
130882
131090
131219
131346
131500
131506
131533
131561
131613
131636
131887
132403
133568
133801
134063
134168
134421
134623
134905
135394
136146
136484
136555
136606
136872
136885
137130
137436
137974
138028
138115
138333
138428
138494
139654
139668
139900
139966
140247
141236
141617
141752
142324
143679
144170
144248
145448
146156
146318
146445
146551
146723
147430
147546
147972
148289
149265
149610
149618
149778
150642
150865
150934
151131
151372
152021
152691
152982
153720
153923
153990
154358
154727
154834
155547
156545
156813
156823
156898
157107
157505
157733
158080
158840
159063
159429
159437
159720
159978
160099
160248
160331
160645
161252
161419
161573
162233
162310
162642
162878
163040
164343
165224
165676
166158
166426
166492
166994
167134
168148
168852
168878
169468
169572
169842
170539
172188
172331
172332
172778
172780
174214
174528
175177
175511
176695
177223
177772
177843
177934
178011
179684
179703
180719
180822
180967
181058
182265
182493
183182
183862
185079
186494
187105
187126
188923
189885
189927
190039
190865
192768
193063
194656
194851
195085
195408
195751
197131
197145
197363
197465
197559
200169
200186
200226
200549
200600
200849
201081
201140
201292
202667
203065
203206
203922
204214
206086
207627
207820
209233
209714
210312
211033
211226
212693
214346
214437
215888
216469
218733
219607
220000
221339
221578
221939
222209
226073
229363
230041
231236
233385
233740
234878
234906
235406
238136
238318
238823
242803
243231
244826
245285
247336
248007
250304
250331
251133
252264
252273
252409
252825
254969
255755
255793
259424
262382
262391
262604
263801
265128
266931
267587
268100
268685
269282
269291
269637
270056
274055
274549
274569
275174
275487
277789
278831
280566
280895
281674
284307
285407
285465
287085
288288
291309
291826
294567
295223
295266
295803
297052
297488
297619
297735
299630
301356
304204
306479
306935
308760
310235
311687
312311
313166
315335
316236
319294
319431
320918
321520
322833
323444
330844
331298
334811
336463
340223
343829
344791
348432
349497
350209
350670
351715
355329
360485
365169
366513
368130
372813
375586
375770
375992
379448
382748
384504
389891
392365
398552
400721
402002
406220
411442
412992
413344
415057
421407
422679
422718
423895
425363
425790
430640
432226
432552
434972
437994
440171
441603
441815
442179
448734
451225
455746
463490
464697
467026
468730
471221
483878
488073
488406
492276
494593
494919
496005
498365
498886
501226
508640
513657
514453
515269
516564
517110
519445
529710
534543
535153
536499
537656
538479
541781
543376
544179
548285
558979
572003
576567
585375
600158
601723
602095
602622
603403
618754
620961
622263
625249
626667
626681
630380
634266
658466
662564
662614
670850
674158
677560
685306
688078
691893
703462
713335
718451
718633
722023
735334
741096
743159
744344
774769
782341
783969
795225
798552
799874
800647
802374
805029
805235
805321
809858
823318
839631
840978
862477
863420
864263
894014
900993
903393
905116
916542
916829
916924
919040
919628
920581
927644
930450
947735
949113
953207
971777
980263
998954
1024266
1029655
1049025
1081726
1145956
1152425
1163414
1202362
1223348
1229226
1280122
1320134
1339532
1385108
1418788
1493350
1503085
1510271
1526006
1585873
1714773
1748066
1781642
1809034
1820584
1931249
1951269
2035210
2189641
2230722
2368139
2496435
2504700
3010232
3095313
3817117
4092459
5194675
9818605
